% # columns="iteration, evaluation, sigma, axis ratio, bestever, best, median, worst objective function value, further objective values of best", seed=835141, Sat May 22 20:23:38 2021, <python>{}</python>
1 13 1.9073630776583874 1.0000482154480417 10.596477607626985 1.0596477607626985e+01 12.532998064470863 14.663895728723553   
2 26 1.850800721268501 1.0886170300404268 10.596477607626985 1.0698098525756143e+01 12.273157115942492 14.32492508423945   
3 39 1.817441400704152 1.1116426539694468 10.498851479763282 1.0498851479763282e+01 12.381879375060992 13.844498760367859   
4 52 1.839831993156194 1.128418784885636 10.092733868454271 1.0092733868454271e+01 11.423550628501188 14.972551487738448   
5 65 1.827101086981028 1.1673674886545136 9.622462778027078 9.6224627780270779e+00 10.75181438058143 12.660680415066286   
6 78 1.8863610270180793 1.1912913940174952 9.434955797036862 9.4349557970368618e+00 10.948259258168392 12.781365232292758   
7 91 1.912602869023 1.2359991527938812 9.424936484194102 9.4249364841941023e+00 11.122053736108834 12.972888703130595   
8 104 1.925865752055295 1.2715420101006318 9.424936484194102 9.8661985693260803e+00 10.72521391429419 11.807835324838607   
9 117 1.9759938465845772 1.2951500702308336 9.323403204210486 9.3234032042104857e+00 11.150534864774858 13.157934562970357   
10 130 1.996336008314249 1.3135652685415393 9.323403204210486 9.7610859616443353e+00 10.624044068744425 13.45071413363111   
11 143 2.047643240293392 1.3423372220917245 9.323403204210486 1.0108423607508216e+01 10.595177385348784 12.664184345764614   
12 156 2.052097482951327 1.3930351511686094 9.323403204210486 1.0178732643387649e+01 10.734457174225412 14.981647714832244   
13 169 2.0025884161462355 1.432020810843271 9.323403204210486 9.6106629344793362e+00 11.685636633471407 15.011493538541483   
14 182 1.952729678465093 1.4468643907605745 9.323403204210486 1.0382628800915274e+01 10.972753701118814 13.840171596939665   
15 195 1.8947428053059314 1.4543489632715252 9.323403204210486 9.6936749224996390e+00 11.735411344376534 13.757936663103028   
16 208 1.8601120849926414 1.4734974942601444 9.323403204210486 1.0229102389322195e+01 10.814550851555222 14.023923758084429   
17 221 1.9127748118072472 1.5061077194537482 9.323403204210486 1.0076098945834797e+01 10.919257796239327 13.227607851814366   
18 234 1.9855710899797314 1.535131737593655 9.323403204210486 9.8595424133107912e+00 11.246660277561391 14.207159219652487   
19 247 1.9698499707285595 1.549567838530788 9.323403204210486 1.0326095321152719e+01 11.818372279014797 13.83486126587594   
20 260 1.9769724111454148 1.5645347330194643 9.323403204210486 9.8372628314414925e+00 10.74766308579053 11.53341412567268   
21 273 1.9615700173953141 1.5590950854476582 9.323403204210486 1.0053888147717727e+01 11.03946509297 12.639002812095463   
22 286 1.978584979072522 1.575319430965677 9.323403204210486 9.7630048833072713e+00 11.032180510119272 12.508052795352905   
23 299 1.9802926528732347 1.5899371100710047 9.323403204210486 9.6946829613379837e+00 11.461273973486517 12.935698817285116   
24 312 1.978718316312251 1.6216928177371415 9.323403204210486 1.0468563010643742e+01 11.50530672099238 15.708086941308272   
25 325 1.9349979764625604 1.6358500245857677 9.323403204210486 9.9559183682184695e+00 10.856526759374528 14.146362539201146   
26 338 1.9548778432212721 1.6488128348782904 9.323403204210486 9.9168023706645840e+00 10.658682038984942 12.755704715586393   
27 351 1.9196426945016951 1.675621283067614 9.323403204210486 9.8626008673175214e+00 10.697189978188563 15.681465798760847   
28 364 1.8625376414076835 1.7050051821807826 9.323403204210486 9.4722299243691559e+00 10.717951961089398 14.296442287409562   
29 377 1.8213972223145405 1.7150650950179678 9.323403204210486 9.5509522406515259e+00 10.656828643065351 14.130564642868194   
30 390 1.8019747788690508 1.7378309248185104 9.323403204210486 9.6006047843885689e+00 10.494730901176103 13.765058023346791   
31 403 1.759714063876387 1.7497061649435095 9.323403204210486 9.9262504783537864e+00 10.936383346093388 13.143677639077946   
32 416 1.7334105447060761 1.7647255868689606 9.323403204210486 9.5955283966789722e+00 10.78400800485822 11.917915235224681   
33 429 1.7233741052171427 1.77999665444936 9.323403204210486 9.9222177346843594e+00 10.451977587069615 11.691428876989633   
34 442 1.676058669966894 1.7926107012522223 9.323403204210486 9.6802217004084881e+00 10.466818487979292 14.272120360396853   
35 455 1.6290786339720034 1.797964288209659 9.323403204210486 9.4986626531872904e+00 10.448548525596138 13.376379691322402   
36 468 1.5933340550210435 1.8005143329775388 9.323403204210486 9.9871935704183343e+00 10.602851014446205 12.542828270169215   
37 481 1.5348473318751632 1.7997212120728732 9.323403204210486 9.7759165143538169e+00 10.659254598177037 11.675468108740827   
38 494 1.5074031641155743 1.7839720375798402 9.323403204210486 9.7973452735351145e+00 10.779985743227543 12.193906775672817   
39 507 1.4354268658651514 1.7828455792649456 9.323403204210486 9.6060598719869272e+00 10.78928855503707 12.045915185463073   
40 520 1.3915769190351872 1.779705951614086 9.323403204210486 9.6471078635482339e+00 10.385718568586148 11.538902288317699   
41 533 1.358677842025558 1.7882805442222565 9.323403204210486 9.4500327441309917e+00 10.764367222274284 12.34753148358479   
42 546 1.3186045769763726 1.8072273235446208 9.323403204210486 9.6574958729908129e+00 10.521201924046194 11.254732072228958   
43 559 1.2756034228004987 1.8022366281228768 9.323403204210486 9.3241976581259163e+00 10.449384004010689 11.507644313732722   
44 572 1.2355289758714334 1.796107420432053 9.323403204210486 9.5169181542108969e+00 10.103764585730978 10.9163725087825   
45 585 1.2308085822173598 1.7986158368180631 9.323403204210486 9.8378655302633842e+00 10.670695848806234 11.779000917394507   
46 598 1.228272789002717 1.7996103335923974 9.323403204210486 1.0067356513747583e+01 10.626239306727442 11.821673262933263   
47 611 1.2391355120791518 1.8101434593671806 9.323403204210486 9.3933678732526822e+00 10.66484964052628 11.383212114228876   
48 624 1.2430148456451924 1.81795031625011 9.323403204210486 9.7452731355652933e+00 10.39038227901828 12.976864749596803   
49 637 1.245575406470029 1.8250453905557145 9.323403204210486 9.7948897873629654e+00 10.548702899661384 11.5397780634392   
50 650 1.2729501339787208 1.8318005785458784 9.323403204210486 9.8346798054930797e+00 10.403292016230054 11.36976780544291   
51 663 1.2801484047812448 1.8272044111150085 9.323403204210486 1.0406500531195666e+01 10.847774647236575 11.577842768059064   
52 676 1.2914556452593633 1.8457613869554792 9.323403204210486 9.5470094184172147e+00 10.083527952891746 11.118118868708638   
53 689 1.29034142988472 1.866720083530525 9.323403204210486 9.6629046508056167e+00 11.013046773324916 12.058649661958972   
54 702 1.2820712080272956 1.8535649611576677 9.323403204210486 9.7613992972289783e+00 10.54207625443443 11.662700489804203   
55 715 1.2943864756190586 1.8599058081375395 9.323403204210486 9.4359807420994759e+00 10.1187966383977 11.652119530440665   
56 728 1.3244575977568303 1.870839951362441 9.323403204210486 9.7788964749118055e+00 10.158029941654839 11.623854110954031   
57 741 1.3344316275708508 1.8919555981923484 9.323403204210486 9.7967807167567571e+00 10.436442471762131 12.025855671708792   
58 754 1.3481417972806842 1.8915217128739512 9.323403204210486 9.8008565061881576e+00 10.673670243114866 11.709712252734413   
59 767 1.3768580469459761 1.9226274720225114 9.323403204210486 9.8322625900914957e+00 10.547430425825434 12.22819476573425   
60 780 1.3767354104784886 1.9342564206464898 9.323403204210486 9.7716416862296658e+00 11.207056451822794 12.398099214919636   
61 793 1.3901344630180077 1.9501000434161213 9.323403204210486 9.7399490850513111e+00 10.620086111724374 12.098152875483336   
62 806 1.388233634062044 1.9611729366911856 9.307504980119575 9.3075049801195746e+00 10.5071744573205 11.030363615577524   
63 819 1.365464330110606 1.9805581208183736 9.307504980119575 9.6441786634762643e+00 10.68821792685944 12.054220723420118   
64 832 1.3617783523993454 1.9993350392293185 9.307504980119575 9.9698485999203417e+00 10.960931840773934 12.178502300623665   
65 845 1.4121614037482115 2.0161299900851217 9.307504980119575 9.7210161037916087e+00 10.554933826376885 11.930956343423398   
66 858 1.432498465979931 2.062041547075624 9.307504980119575 9.4287432423784487e+00 10.512770052230364 11.387853083041355   
67 871 1.4535960916817012 2.0813396815066625 9.307504980119575 9.7254275690660901e+00 10.537755859763292 11.596439424269283   
68 884 1.4962982622353624 2.108419215316533 9.307504980119575 9.5751526746138591e+00 10.605366253270809 12.43441671797019   
69 897 1.559428084379871 2.1244016968568333 9.307504980119575 9.8033802841314266e+00 10.634047040295732 11.887208848746406   
70 910 1.6202911294408704 2.1354578186187263 9.307504980119575 9.6235664234939655e+00 10.342691316125933 10.868057525521497   
71 923 1.6332234664364376 2.159480067174401 9.307504980119575 9.5975233018786987e+00 10.27144734578855 11.520556360868529   
72 936 1.6238974267735287 2.162283865398574 9.307504980119575 9.9261906639941877e+00 10.566886088431374 11.69160076524075   
73 949 1.593496018212982 2.1729624228761635 9.307504980119575 9.7476780154273506e+00 11.240533470893313 13.432744370011072   
74 962 1.5440766406875857 2.1676251506156023 9.307504980119575 9.7740376144668168e+00 10.520809767823666 11.905476565052078   
75 975 1.5120355128257197 2.15319803628664 9.307504980119575 9.8568813340327317e+00 10.54542595517675 12.253667961485261   
76 988 1.469582913203011 2.160389821572014 9.307504980119575 9.5078691465534568e+00 10.336128209373198 11.870889318593363   
77 1001 1.3945244689386036 2.156235996497393 9.307504980119575 9.6815397588952088e+00 10.641010095122118 12.01387815106686   
78 1014 1.363095171267781 2.146217688101286 9.307504980119575 9.7668388802438830e+00 10.42299516911246 12.007521748317801   
79 1027 1.3463033483423206 2.1723534885222686 9.307504980119575 9.8555939550112530e+00 10.863559445780423 11.87927426973422   
80 1040 1.3106335483970484 2.1710786702203015 9.307504980119575 9.3220101654810019e+00 10.431276611075143 11.140449038296437   
81 1053 1.2835228062732449 2.1931225548308935 9.307504980119575 9.4491621842981264e+00 10.180456685542259 12.076892775933636   
82 1066 1.2513638217386418 2.1990343616740637 9.307504980119575 9.5614759676452756e+00 10.400342198635899 11.692036075084676   
83 1079 1.1868989068411393 2.2090841632039124 9.192613392760508 9.1926133927605083e+00 10.2638199170379 10.841207701061727   
84 1092 1.126604846035186 2.2065898147387437 9.192613392760508 9.6827668452098372e+00 10.525218421984889 10.974647926183579   
85 1105 1.0946794532146924 2.212153674502744 9.192613392760508 9.5864984101379935e+00 10.147358608630581 11.40500392667546   
86 1118 1.0661203358958538 2.2238827428902606 9.192613392760508 9.5170423393822858e+00 10.319189807527502 11.238909827955611   
87 1131 1.0173748558092093 2.21368878391362 9.192613392760508 9.3518301196094917e+00 9.982415987949953 11.047042220522789   
88 1144 1.0018743705751716 2.2201344164792585 9.192613392760508 9.5031766790938708e+00 10.178894338053738 11.79589106538938   
89 1157 0.9729329213902197 2.2186852247519635 9.192613392760508 9.3068271774647613e+00 10.31048622941235 11.9960064286207   
90 1170 0.9385235557994498 2.229032961684089 9.192613392760508 9.3620063980217534e+00 9.772450073981764 11.122390030799947   
91 1183 0.917994245260282 2.2407300427695325 9.192613392760508 9.7155721324836559e+00 10.282978860041391 11.142440187869212   
92 1196 0.8965582978608292 2.253966176053496 9.192613392760508 9.4111057942096252e+00 10.110155327039534 11.163304181836764   
93 1209 0.877016156208266 2.2863427385580075 9.034484452719147 9.0344844527191466e+00 10.087959374286887 11.350205522149345   
94 1222 0.8857775000244391 2.295642953770694 9.034484452719147 9.4369814966397083e+00 10.265842567420368 11.189140807086282   
95 1235 0.894004996595682 2.2867683538899346 9.034484452719147 9.2793132297274514e+00 10.076166384738231 11.447936638181591   
96 1248 0.9123860131040833 2.2909349880141847 9.034484452719147 9.2767793114259565e+00 10.12403938673202 11.91611239205015   
97 1261 0.9098238741536568 2.2805206038170267 9.034484452719147 9.5615096822095733e+00 10.596247326080373 11.59888537816469   
98 1274 0.9217244585867744 2.301491743045636 9.034484452719147 9.1152090545501370e+00 10.22431487409476 11.00399547723061   
99 1287 0.9187708773165453 2.2899913529131974 9.034484452719147 9.6460691540264349e+00 10.110274281714535 11.183068790696293   
100 1300 0.9124128629815775 2.2889071164886015 9.034484452719147 9.1978041600244538e+00 10.147099854118922 11.576370594784583   
101 1313 0.9122231605356972 2.291585238427439 9.034484452719147 9.6703288521304493e+00 10.290146268550576 11.918108953372064   
102 1326 0.9363302577873327 2.3029607188143615 9.034484452719147 9.1590499220903645e+00 10.093352512507005 11.270606951146883   
103 1339 0.9354839480570389 2.317122125633179 9.034484452719147 9.4174489927971621e+00 10.092646851993226 10.887576037397327   
104 1352 0.9526186880188476 2.3360224464404906 9.034484452719147 9.2228492150889601e+00 10.184263223745523 11.535414623573468   
105 1365 0.973747442025088 2.3751599311088483 9.034484452719147 9.4498147073157774e+00 10.451402331410835 11.851375496885034   
106 1378 0.9882256080657352 2.4086271806674273 9.034484452719147 9.6456531158885124e+00 10.163974685936115 11.394397581283688   
107 1391 0.9934894833821956 2.4241798933706002 9.034484452719147 9.3119003271799468e+00 10.283596400288204 12.150150257709512   
108 1404 1.0020835111357957 2.468440172648277 9.034484452719147 9.8416589172968223e+00 10.43900807816076 11.17532418511891   
109 1417 1.000468594647291 2.4775522806621466 9.034484452719147 9.6050390148469482e+00 10.754363119405621 11.442548105961237   
110 1430 0.997001318150993 2.4883891714107604 9.034484452719147 9.4535491127527820e+00 10.284152103846857 10.984818961964079   
111 1443 0.9891599082238398 2.4866181123866005 9.034484452719147 9.7628474801665082e+00 10.590910866497406 11.8175569293072   
112 1456 0.9603324113284561 2.5003301096021686 9.034484452719147 9.8639428368823054e+00 10.453978434517854 11.81114989054576   
113 1469 0.949878369623219 2.515235184602733 9.034484452719147 9.3015072343345686e+00 10.627944031841254 12.55779666499996   
114 1482 0.9485117291546665 2.5144244785758234 9.034484452719147 9.3419035743011953e+00 10.491714281577666 12.189495578446666   
115 1495 0.9214822685399526 2.537088679977311 9.034484452719147 9.6673763134539179e+00 10.127307162970498 11.5631473767794   
116 1508 0.8939674240191915 2.540586865861583 9.034484452719147 9.4580840795138208e+00 10.055630516790032 11.402018469655097   
117 1521 0.9032008653946796 2.5760357273907837 9.034484452719147 9.7419186345725191e+00 10.384719756659651 10.923870057451978   
118 1534 0.9122939092238221 2.6011728508314964 9.034484452719147 9.6265413108486975e+00 10.350611461047032 11.34177484657701   
119 1547 0.927577344568637 2.592433100069318 9.034484452719147 9.4001543815538557e+00 10.230762585845081 10.670493467705931   
120 1560 0.9403232021308133 2.591491385575935 9.034484452719147 9.4344525649777484e+00 10.079246133096447 10.823984952477819   
121 1573 0.953729548136316 2.599998899915169 9.034484452719147 9.8026664109081452e+00 10.16366833623736 11.211334175350832   
122 1586 0.9635961296893711 2.6041219035074437 9.034484452719147 9.8308965894522995e+00 10.317092416129471 11.191566720481195   
123 1599 0.9758852397983917 2.6163246391133628 9.034484452719147 9.6278078104802258e+00 10.659659974042368 11.538926739527389   
124 1612 0.9781942899574291 2.65254444136973 9.034484452719147 9.5743518705737767e+00 10.790060108970977 11.337526562429169   
125 1625 0.970514203495753 2.658943609082906 9.034484452719147 9.5354696401092909e+00 10.464765200090797 11.597792081042789   
126 1638 0.954700131934177 2.652827481472446 9.034484452719147 9.7828944250059919e+00 10.207430769220037 11.348063059615411   
127 1651 0.9430165832942007 2.6516587664746134 9.034484452719147 9.6361886874505629e+00 10.078782198537205 10.812827853313337   
128 1664 0.9244356475531178 2.6750218063065856 9.034484452719147 9.6089684221583269e+00 10.06770659623075 11.153539120054642   
129 1677 0.9320866327555831 2.6843596904424354 9.034484452719147 9.6974876013509288e+00 10.221497813740797 11.444435793723496   
130 1690 0.9262451936998367 2.6932445848484954 9.034484452719147 9.7139292804515520e+00 10.342645967762353 11.449960232404724   
131 1703 0.9199557336744079 2.694149654412501 9.034484452719147 9.7019400127323898e+00 10.255920840343821 12.241177464962016   
132 1716 0.9095404240959497 2.683046382439806 9.034484452719147 9.4137415320268918e+00 10.174795193718646 10.75432398765076   
133 1729 0.886422831536457 2.698008205663761 9.034484452719147 9.7135173146609617e+00 10.319140837485552 10.995953004521729   
134 1742 0.8632440977226302 2.7112668474827393 9.034484452719147 9.4764081516642680e+00 10.148998238441653 10.91047364143942   
135 1755 0.8600829157868563 2.721787068731783 9.034484452719147 9.5048131449817745e+00 10.073265581465947 10.900885941841048   
136 1768 0.8708135030265665 2.737234873917227 9.034484452719147 9.3179570010447801e+00 10.184772890473518 10.816923141722784   
137 1781 0.8788258087006023 2.7462938250430646 9.034484452719147 9.5793578000532804e+00 10.422810472738771 12.125235479769135   
138 1794 0.8798035781151584 2.7609519214933953 9.034484452719147 9.1062263236189693e+00 10.060695085509543 11.708988473915422   
139 1807 0.8713599761349607 2.7952381066241196 9.034484452719147 9.3592355381361489e+00 10.185836502629757 11.123370125419292   
140 1820 0.8841941996209542 2.7958775186662295 9.034484452719147 9.3260983792587702e+00 10.439093556318328 11.170304026367392   
141 1833 0.8944919392871603 2.797691162594568 9.034484452719147 9.3691566770547681e+00 10.65264772320874 11.111096755540268   
142 1846 0.931320102519274 2.8043528051974964 9.034484452719147 9.8030591514541960e+00 10.484184613511587 10.849454320931587   
143 1859 0.9456098863598943 2.8049048981348146 9.034484452719147 9.3165166835435897e+00 10.424249541328999 12.153122558346126   
144 1872 0.93167154858787 2.8235800653367296 9.034484452719147 9.5958865754089118e+00 10.28369900287827 11.009613766227314   
145 1885 0.9091831737618272 2.824258630880557 9.034484452719147 9.7372910534454089e+00 10.338811116821555 12.433360821910998   
146 1898 0.8931606879836812 2.8301895405643824 9.034484452719147 9.4642402315660874e+00 10.209880128978831 11.138536380441478   
147 1911 0.8787746316829393 2.830208567005741 9.034484452719147 9.3670394732709710e+00 10.744655093367138 11.96550117945674   
148 1924 0.865177357165846 2.823611508007416 9.034484452719147 9.5212275064772580e+00 10.288216909482582 11.01459081984548   
149 1937 0.8671112821768636 2.8272245557304516 9.034484452719147 9.2553237421300292e+00 10.787787068001936 13.646451614661778   
150 1950 0.8584283257339852 2.842709827864634 9.034484452719147 9.0893973775567964e+00 10.10450284186392 11.542186212440617   
151 1963 0.8605224093200354 2.8769261616143527 9.034484452719147 9.6286852736625317e+00 10.209550874059094 10.776614966692113   
152 1976 0.874904800233657 2.8708878976732035 9.034484452719147 9.2518136115032021e+00 9.919914959091356 10.674599373924696   
153 1989 0.8907543421897639 2.8767920437397367 9.034484452719147 9.1106851999582634e+00 10.067649373570413 10.988282018625489   
154 2002 0.9042252603234683 2.8811937727230896 9.034484452719147 9.4444460213495667e+00 9.939029321443142 12.198660326824943   
155 2015 0.9054254412137177 2.8774190359556413 9.034484452719147 9.1791353876244077e+00 10.026618600724587 10.57982838395928   
156 2028 0.9011052736583529 2.905031747791078 9.034484452719147 9.1538963776969293e+00 10.026519335644233 10.957042091950113   
157 2041 0.8983914883087145 2.9179917816907017 9.034484452719147 9.6248569361047789e+00 10.209277983026396 11.502049633934181   
158 2054 0.8807335769267243 2.9314229075023057 9.034484452719147 9.6467431045205583e+00 10.31599269956084 11.673234998619481   
159 2067 0.8594657439625916 2.9463391010289706 9.034484452719147 9.1434764415432035e+00 9.934365922518051 11.381246822327537   
160 2080 0.8389383115188734 2.958396393195066 8.849903877747467 8.8499038777474670e+00 9.890888167857366 11.504925609907096   
161 2093 0.8362597291535117 2.9589109937048694 8.849903877747467 9.3208975342912943e+00 10.360529182202123 11.339801900198543   
162 2106 0.8474191698627085 2.9568728757280893 8.849903877747467 9.2891281558852299e+00 10.338628878251315 12.354051797489575   
163 2119 0.8691040675978415 2.9601551835595767 8.849903877747467 9.3068735734413117e+00 10.13872631841023 11.205479073740152   
164 2132 0.8706735602261959 2.972974569520912 8.849903877747467 9.4200591441110149e+00 10.128000152348624 11.836039516148547   
165 2145 0.8558269011011734 2.9807503249836285 8.849903877747467 9.2306058091953958e+00 10.398368032228202 10.949009435811382   
166 2158 0.8450893316633523 2.965593623341964 8.849903877747467 9.3243104723616970e+00 10.428754703626462 11.48150541741951   
167 2171 0.8420184710729643 2.976612496311051 8.849903877747467 9.2879448966724709e+00 10.196076309414389 10.808235732749399   
168 2184 0.8596563825274082 2.978877012000853 8.849903877747467 9.6378587856676798e+00 10.194153670932332 10.878591713622523   
169 2197 0.8708667630967231 2.9851936240840855 8.849903877747467 1.0093535571813144e+01 10.552879843177484 11.32486536953063   
170 2210 0.8894453104432712 2.9961932930768977 8.849903877747467 9.5871889479843198e+00 10.255057609121613 11.316214590180703   
171 2223 0.8988807992012722 2.9907623767298874 8.849903877747467 9.4412940466105013e+00 10.753749062213213 11.9706470477877   
172 2236 0.8918871082356272 3.0160534284361105 8.849903877747467 9.4882057546905774e+00 10.091831234117228 10.81074882711667   
173 2249 0.8834083829826602 3.009537755255826 8.849903877747467 9.2614680875422835e+00 10.084894282151792 11.11465066634506   
174 2262 0.8821437955315269 3.0188671147841735 8.849903877747467 9.3572551895395044e+00 9.966654464145794 10.919346200620453   
175 2275 0.8943751347726034 3.0362191098664963 8.849903877747467 9.3161151956817765e+00 10.139787946034232 10.926541536276844   
176 2288 0.8988599868996213 3.014509904057223 8.849903877747467 9.6262170117897732e+00 10.557847371463753 11.032284820273668   
177 2301 0.8869796794946754 3.0198907076671793 8.849903877747467 9.4041335740749101e+00 10.320240599766976 11.393046860119217   
178 2314 0.8637920177954092 3.021103698605013 8.849903877747467 8.9060054368873409e+00 9.959703744009209 11.272130615703995   
179 2327 0.8553576993507567 3.0306469987069953 8.849903877747467 9.3326498207978190e+00 10.072108486158868 10.429936562077057   
180 2340 0.8523577938397445 3.0152978324008544 8.849903877747467 9.7604377268761517e+00 10.411872961998366 11.275766475726606   
181 2353 0.8390394151692918 3.0517352144512477 8.849903877747467 9.4340727953554158e+00 10.159964398005622 10.959102057327003   
182 2366 0.8248980867524693 3.036900596168112 8.849903877747467 9.5822382034676767e+00 9.962075956206384 10.974542029907264   
183 2379 0.8164697565734935 3.031662394485504 8.849903877747467 9.2214537139865982e+00 10.2490960756176 10.671447598412135   
184 2392 0.8384879999678171 3.0309019719863284 8.849903877747467 9.5351055436789380e+00 10.009647782222954 10.784382754006115   
185 2405 0.8316668401366535 3.058999503880031 8.849903877747467 9.7048736826577322e+00 10.39508694255601 11.386636127116526   
186 2418 0.8201000119922413 3.0729314389117257 8.849903877747467 9.6125850301317488e+00 9.94560774798642 11.15939201109312   
187 2431 0.8071784378617672 3.118492854876389 8.849903877747467 9.5060950175091108e+00 10.219189998662657 11.648786207868568   
188 2444 0.7921185442273845 3.1151545717884135 8.849903877747467 9.3790879074094473e+00 9.97916106376295 10.95150770428149   
189 2457 0.788098011781203 3.1346401509346093 8.849903877747467 9.5849803236544471e+00 10.11709678443324 11.085200898276693   
190 2470 0.789254102627627 3.1730306683034626 8.849903877747467 9.3725677402171925e+00 10.25556429791524 11.169305637620209   
191 2483 0.7887820153821336 3.175998274315297 8.849903877747467 9.2288774843556372e+00 10.138402936542018 10.787528979086431   
192 2496 0.7796788054597227 3.1711496424746595 8.849903877747467 9.3792220763138996e+00 9.841464586541768 10.339177435022956   
193 2509 0.7623028127287178 3.16838287878542 8.787352385380062 8.7873523853800624e+00 9.9383103468737 12.439016550077689   
194 2522 0.750828218274711 3.1698603509798997 8.787352385380062 9.6144600157029831e+00 10.124673915079427 10.941820045350186   
195 2535 0.7349179041698305 3.1772964116206444 8.787352385380062 9.5029795753816728e+00 10.11845428208859 11.852882943390686   
196 2548 0.7483594443427828 3.195498603335723 8.787352385380062 9.5019630211398116e+00 10.053059098494346 11.292399264191555   
197 2561 0.7544400780675279 3.203048869198919 8.787352385380062 8.9509971908635055e+00 10.108036757701306 12.111128985752284   
198 2574 0.7697949301671028 3.2186528653719835 8.787352385380062 9.3703492705193394e+00 10.228716480641136 11.544124162642124   
199 2587 0.7915479009066734 3.240159838156834 8.787352385380062 9.3115434504476404e+00 10.192482889074801 11.147878715897447   
200 2600 0.7898001935714515 3.242747910034261 8.787352385380062 9.1968780459149500e+00 10.117794196989834 10.901768837979152   
201 2613 0.7823786237670576 3.296578652060157 8.787352385380062 9.1996301866072301e+00 9.924787213863132 12.068660067997163   
202 2626 0.7694287938990865 3.310876084866893 8.787352385380062 9.2799253512348976e+00 10.057858600848217 10.882897831833912   
203 2639 0.792628774112074 3.3316484470294454 8.787352385380062 9.6162547187160765e+00 9.952953576916451 11.198371371682011   
204 2652 0.7987162641371935 3.314018627415009 8.787352385380062 9.2917019029085655e+00 10.010990118934473 11.100813490042567   
205 2665 0.8245722156163257 3.319321855939636 8.787352385380062 9.1394544200000318e+00 9.756663773928322 10.683520927336863   
206 2678 0.8565855248915554 3.312503775830594 8.787352385380062 9.7574273968195335e+00 10.468700399899145 11.79489473922586   
207 2691 0.8610063534844371 3.3033131425159157 8.787352385380062 9.4831859310820334e+00 9.963906797560696 11.80104793291085   
208 2704 0.857780860808428 3.309630391182781 8.787352385380062 9.4657833529658166e+00 9.795453785488629 10.741696887293829   
209 2717 0.8388085691662888 3.3244323465940466 8.787352385380062 9.4110928944212642e+00 10.234823290125357 11.102245442432846   
210 2730 0.8129092207979329 3.322458856091921 8.787352385380062 9.5424696735022678e+00 10.187567679561957 10.671803451533613   
211 2743 0.7789701726000072 3.320876639971185 8.787352385380062 9.2683521245820621e+00 9.737904939499579 10.853932724029855   
212 2756 0.7789857816144116 3.334947418132495 8.787352385380062 9.3658655823696080e+00 10.334401651961121 11.996013908978204   
213 2769 0.7778834983159371 3.356238833003587 8.787352385380062 9.3835479174277268e+00 10.34845273257396 11.479505229873537   
214 2782 0.7601127254276645 3.3836738735344976 8.787352385380062 9.3017771481225253e+00 10.088722011119234 10.893444801340378   
215 2795 0.7365175512616338 3.4178277953274416 8.787352385380062 9.7050026926164428e+00 10.354712437463066 11.202958832466695   
216 2808 0.7170516368601957 3.4188965349684968 8.787352385380062 9.5599480950861437e+00 10.068449000820852 11.006620485460184   
217 2821 0.7005508803457066 3.4197525011898486 8.787352385380062 9.1556482154159262e+00 9.996275908460795 11.832269274558953   
218 2834 0.6940989570954842 3.448765003954416 8.787352385380062 9.5718392867673323e+00 9.785010607886601 10.368542053133693   
219 2847 0.6958928697388136 3.4631888146033 8.787352385380062 9.3369005358095603e+00 9.816022305010312 11.027683759048976   
220 2860 0.7131480432869326 3.5066875593493956 8.787352385380062 9.4661955822834969e+00 9.88227462919219 11.374750661216414   
221 2873 0.7022498571551994 3.5033425943209435 8.787352385380062 9.0743092679822777e+00 9.760952470559046 11.711789498130708   
222 2886 0.6885551821245184 3.509787016476036 8.787352385380062 9.6005178376060840e+00 10.560979338236764 11.741969377696455   
223 2899 0.6793505252067854 3.5155440080214175 8.787352385380062 9.4974709882694359e+00 10.097862152732505 10.632936478426544   
224 2912 0.6796487105235268 3.521231261583427 8.787352385380062 9.1390432256719674e+00 10.132226631361918 10.942916442685778   
225 2925 0.6831422873867092 3.5072626007467966 8.787352385380062 9.2810931470008953e+00 9.991748236991029 11.81744265418912   
226 2938 0.6745386796171724 3.5122985293159927 8.787352385380062 9.4070772448610409e+00 10.049809964230873 10.957380933493791   
227 2951 0.6839968532223211 3.5110830709551037 8.787352385380062 9.4763647568769152e+00 9.793914521371208 10.868385392086768   
228 2964 0.688799360215437 3.509191641968166 8.787352385380062 9.4017875488415488e+00 9.834359172085957 11.006563057796841   
229 2977 0.7001883035321714 3.516737311998479 8.787352385380062 9.3343790711915577e+00 9.857297720902224 11.12245996487008   
230 2990 0.7054640681827937 3.535969487479819 8.787352385380062 9.5389432579668672e+00 10.108331475233124 11.050554280342329   
231 3003 0.7337609100186306 3.5375624993761905 8.787352385380062 9.5420708682296063e+00 10.436744459948574 11.442489667836856   
232 3016 0.7476168726221144 3.5667398929171745 8.787352385380062 9.1890354652334238e+00 9.886507368434772 11.64909487481704   
233 3029 0.7694026062485092 3.592472072537392 8.787352385380062 9.0498895858792334e+00 9.94326339679156 10.617861480331003   
234 3042 0.7737241843645332 3.600990659758932 8.787352385380062 9.2540641936353261e+00 10.571874630398463 12.203372726463906   
235 3055 0.7585129566780733 3.6157270495656184 8.787352385380062 9.2841691603289291e+00 10.130104359464442 10.86117005875143   
236 3068 0.7472281219231306 3.6258399333907683 8.787352385380062 9.5567982594420240e+00 9.997114821420721 10.999986948986727   
237 3081 0.7447828128712781 3.6123037114576366 8.787352385380062 9.6039344505234361e+00 10.360868360380694 11.642649407939084   
238 3094 0.7395169097043521 3.6793018904434516 8.787352385380062 9.1157407608214296e+00 10.685430589651148 11.50047310732572   
239 3107 0.7339990689648812 3.692349853077053 8.787352385380062 9.3007013532509735e+00 10.006981566957919 10.865209322174545   
240 3120 0.7272324104296621 3.6881284056590724 8.787352385380062 9.3439541595096429e+00 10.50794899938645 12.480035280890155   
241 3133 0.7303150964726048 3.719367248776891 8.787352385380062 9.1925076853340126e+00 9.745387673965034 12.131360381424214   
242 3146 0.7265819651096226 3.722470357962828 8.787352385380062 9.1901304609697476e+00 9.60513194265356 10.670773082536579   
243 3159 0.7088569899887538 3.725909662723026 8.787352385380062 9.2430658531080105e+00 9.73050003744826 10.564518536040595   
244 3172 0.6938033092106307 3.7303501151568743 8.787352385380062 9.3679328084715312e+00 9.825743132510432 10.533796643756762   
245 3185 0.6754433172644793 3.7306476130060897 8.787352385380062 9.5586774204900120e+00 9.899230746532023 11.927505314947917   
246 3198 0.6521991780471587 3.720970267812494 8.787352385380062 9.0771459122017273e+00 10.162086281956473 11.034735298872071   
247 3211 0.6350398574888809 3.723049192493808 8.787352385380062 9.3651173195521586e+00 9.609094032808304 12.10143205712121   
248 3224 0.6399032492378278 3.724425138032271 8.787352385380062 9.3142262196344880e+00 9.895644326677465 10.814517120842149   
249 3237 0.6396302626840734 3.7085660687430786 8.787352385380062 9.3720568861115403e+00 10.023237696121932 10.821432435269305   
250 3250 0.6436807253656932 3.7444089774347287 8.787352385380062 9.5784382548644622e+00 9.934237499440078 10.445097872911607   
251 3263 0.6534796314396206 3.7697067418486294 8.787352385380062 9.2150705730462992e+00 9.828489093035072 10.880695864708397   
252 3276 0.6651168230603451 3.746411204438634 8.787352385380062 9.1197396199533127e+00 9.714104722546388 10.369581358611361   
253 3289 0.6714073199834423 3.7564939937110386 8.787352385380062 9.3681544990805303e+00 9.75273728319329 10.516148433815273   
254 3302 0.6838292446953202 3.7581107424118425 8.787352385380062 9.2399465421721523e+00 9.958556316418992 11.052910032938438   
255 3315 0.6929191202437258 3.754125408613407 8.787352385380062 9.2395583281080285e+00 10.31696116096593 10.968241507020728   
256 3328 0.6951061355261271 3.746125058642304 8.787352385380062 9.3635574034077855e+00 10.190531339750578 10.737867049379917   
257 3341 0.6856555137732835 3.72465102036506 8.787352385380062 9.5843878654780568e+00 10.3374134311259 10.9498314011578   
258 3354 0.6668921217553223 3.711065032749588 8.787352385380062 9.2984958716062085e+00 9.941354245425126 11.494101497761843   
259 3367 0.6603940511482242 3.7165893486918944 8.787352385380062 9.1723351110510123e+00 9.932582038811546 10.927561773020944   
260 3380 0.6484467768894046 3.744498642012102 8.787352385380062 9.1887644808409075e+00 9.848628773246725 10.235253009264609   
261 3393 0.6338356966450346 3.737919084136269 8.787352385380062 9.3814866271696431e+00 10.092847604110244 11.427088646039335   
262 3406 0.6247992375193355 3.766175486399636 8.787352385380062 9.1180643894971478e+00 9.910513156306891 10.454033538657134   
263 3419 0.6183879063201867 3.7830649887536474 8.787352385380062 9.2802710706591576e+00 9.812048892658428 10.088125970096309   
264 3432 0.6121290345799842 3.8058935404237872 8.787352385380062 9.2715788145221918e+00 9.522498950036637 10.301493264975633   
265 3445 0.6064098451739376 3.7976852696443397 8.787352385380062 9.2967632434201164e+00 9.919172849324063 10.414932325607301   
266 3458 0.6056887211625439 3.817748969099499 8.787352385380062 9.3889097959878427e+00 9.66489741103915 10.881720828876949   
267 3471 0.6065384538321991 3.854283346225911 8.787352385380062 9.3029976767368794e+00 9.613886501785654 11.95313657473472   
268 3484 0.606726433176842 3.838004054497234 8.787352385380062 9.2487598281506411e+00 9.609812837696936 10.435123593971415   
269 3497 0.6077566983368686 3.7865574884334174 8.787352385380062 9.4026817146631529e+00 9.828472561340002 10.56266667563768   
270 3510 0.6143986799144748 3.8068286119833403 8.787352385380062 9.1541647729144557e+00 9.73543563905366 11.219824545214973   
271 3523 0.6173739133745165 3.8116251284589215 8.787352385380062 9.2109576826566339e+00 9.755176838037245 10.577127551137632   
272 3536 0.6331168932402701 3.8209728942546843 8.787352385380062 9.1272505287427439e+00 9.777356242685086 11.185725822003427   
273 3549 0.649424347545527 3.856199100431234 8.787352385380062 8.9025625534792479e+00 9.909294450247035 10.48353500713034   
274 3562 0.6645355992494596 3.836902119903064 8.787352385380062 9.0182541102136256e+00 9.8819010627678 10.352317765566866   
275 3575 0.6606519330841008 3.855024910149012 8.787352385380062 9.2346408123861661e+00 10.317292120726089 10.699182177096525   
276 3588 0.6488615570685459 3.8692909514468297 8.787352385380062 9.6077904855801322e+00 10.012853916859802 10.524029336437248   
277 3601 0.6384616452363311 3.865856661559696 8.787352385380062 9.2547314040294157e+00 9.970209703559776 10.558470719588348   
278 3614 0.6201210934711441 3.8578545144528156 8.787352385380062 9.0913619632092573e+00 9.71498323547393 11.303966645674599   
279 3627 0.6147335644654236 3.8735538151680196 8.787352385380062 9.2376479424217539e+00 9.703037975362799 10.724463141920072   
280 3640 0.621642349758609 3.8928039216566486 8.787352385380062 9.1585271686027525e+00 9.847942370819903 10.47238832903035   
281 3653 0.6265129635156157 3.8928896854902617 8.787352385380062 9.1270934009143687e+00 9.597026619672912 10.535664437421751   
282 3666 0.6316363984081569 3.8877927752373944 8.787352385380062 9.4703959879066613e+00 9.82485287101394 10.741887917827016   
283 3679 0.6362391216441807 3.893871417553293 8.787352385380062 9.3300606697795399e+00 9.931611476489222 10.491711105628179   
284 3692 0.6507394708036098 3.891288459479189 8.787352385380062 9.1271059831872297e+00 9.779163893912168 10.88973985773936   
285 3705 0.6626391779323411 3.8952124661348173 8.787352385380062 8.9847195473568604e+00 10.157998096718686 11.21742159612491   
286 3718 0.6766054582436165 3.882799371046196 8.787352385380062 9.5194127190491251e+00 10.19172934929079 11.51330818038095   
287 3731 0.7001511537957581 3.8710288190259483 8.787352385380062 9.3166484574421240e+00 9.734358050813078 10.649995967069723   
288 3744 0.734693496980575 3.895537896121265 8.787352385380062 9.5531470865708048e+00 10.072090430441335 11.061231334350184   
289 3757 0.7578308259129724 3.88147280231587 8.787352385380062 9.2518982893410122e+00 9.825449438067436 10.840594033385766   
290 3770 0.7886399767401877 3.863333412233956 8.787352385380062 9.1301525059266364e+00 9.756763820920822 10.083535276305287   
291 3783 0.8013752386280923 3.8807290751667805 8.787352385380062 9.2601064434106952e+00 10.21412216225253 13.185317865514165   
292 3796 0.7933506109331844 3.861405552581752 8.787352385380062 9.4453680677710317e+00 9.733440202102068 11.175137149110066   
293 3809 0.7977719831259115 3.8950997524244593 8.787352385380062 9.4679226567657118e+00 10.046802690184744 12.703447195827277   
294 3822 0.8046155845020513 3.8972654585618693 8.787352385380062 9.1571342884625970e+00 9.761061997460615 10.790555120619455   
295 3835 0.824731138577376 3.846552194023694 8.787352385380062 9.3816050671883797e+00 9.78703885773268 11.196281423320789   
296 3848 0.8334596867892629 3.8608731012193434 8.787352385380062 9.5505751289963765e+00 10.189635366254475 11.01905331498847   
297 3861 0.8510079274570976 3.870215591066465 8.787352385380062 9.5094293508104677e+00 9.729612639198296 11.124285613013685   
298 3874 0.8795177778374075 3.8660637014059698 8.787352385380062 9.3925582877760263e+00 10.1939686476709 11.007344940410158   
299 3887 0.9022980295477355 3.8778515349012337 8.787352385380062 9.2737413172195886e+00 9.953062005248695 10.6051616760805   
300 3900 0.919547409142953 3.877786576348178 8.787352385380062 9.2475898050923515e+00 9.88063880544645 11.622931219739115   
301 3913 0.927119266951195 3.8699025140399885 8.787352385380062 9.1313130222111152e+00 10.120226992066536 11.110933657395975   
302 3926 0.9321425737562231 3.8658162542961505 8.787352385380062 9.3067313305997601e+00 10.072911234100493 11.374390103697484   
303 3939 0.9267654063959722 3.8769164195057617 8.787352385380062 9.5200311554964241e+00 10.11775317332049 10.72316813423608   
304 3952 0.9380513314097556 3.8678197576283764 8.787352385380062 9.1984744484092786e+00 10.039023251698842 11.668211452447935   
305 3965 0.9373311611068811 3.87891370902664 8.787352385380062 9.3860660303248160e+00 10.213387399577682 11.50960818034051   
306 3978 0.930068807905229 3.8867134912250934 8.787352385380062 9.5105865127000371e+00 9.863734477639655 11.353230550143547   
307 3991 0.9065645970892791 3.880586102602213 8.787352385380062 9.2630065974292535e+00 9.841043562165428 11.020640927084305   
308 4004 0.9000083790130279 3.9272416496868847 8.787352385380062 9.2097355127738343e+00 9.730683517657004 10.518081250892646   
309 4017 0.8965108651625121 3.9511717069728047 8.787352385380062 9.4024892011603995e+00 9.940134147075822 10.701724097801984   
310 4030 0.8925555999755717 3.9529999668434543 8.787352385380062 9.2389116280932129e+00 9.984976840450093 10.313784572580206   
311 4043 0.8987635672902475 3.9834673890346357 8.787352385380062 9.2510935592442536e+00 9.860357898534874 10.996372510355101   
312 4056 0.8993908812147597 3.985833295577862 8.787352385380062 9.0173589379556276e+00 9.70020131148489 11.437089002712227   
313 4069 0.8949069418209069 4.00180282467646 8.787352385380062 9.3349655416147250e+00 9.73869928496205 10.725133468237546   
314 4082 0.8865318931360237 4.003375147636298 8.787352385380062 9.4377688401529714e+00 10.044747145909392 10.954526249292512   
315 4095 0.8817024045448765 4.011728907558722 8.787352385380062 9.2864128319219077e+00 10.125155135206192 10.959192306284312   
316 4108 0.8710683539516253 4.004133241467649 8.787352385380062 9.4113464897054087e+00 10.076983944649761 10.623776561117415   
317 4121 0.8586160419724469 4.0209487047672505 8.787352385380062 9.5781314657085694e+00 10.022715202775613 11.220022745031057   
318 4134 0.8498698334895929 4.031315530389757 8.787352385380062 9.5284247739317660e+00 10.174692676147512 10.35493799909434   
319 4147 0.830228252149779 4.0161365163947185 8.787352385380062 9.0839863482508267e+00 9.60839675574287 10.242457364002513   
320 4160 0.8106722916667836 4.014516117953517 8.787352385380062 9.3794373655054510e+00 9.83607525233148 10.451138218423846   
321 4173 0.7928227634002951 4.017197552204288 8.787352385380062 9.2633834554351075e+00 9.94964902069268 10.585482922549026   
322 4186 0.789835350585185 4.005911879825184 8.787352385380062 8.9182578060255846e+00 9.857857094902986 11.238211323581226   
323 4199 0.7942333806554113 4.0084897504697095 8.787352385380062 9.2714540066549702e+00 10.219698844392981 10.727821318100982   
324 4212 0.7796334907880214 4.003874771606357 8.787352385380062 9.2321176092183546e+00 9.869092640373847 10.923500851316657   
325 4225 0.7634251135878145 3.9898559440638666 8.787352385380062 9.3453377242399931e+00 9.71227815959266 10.817850787219967   
326 4238 0.7433524442487797 3.966264754065411 8.787352385380062 9.1823013849015656e+00 9.730773584348457 10.767540300611586   
327 4251 0.719548361549983 3.9630105076549005 8.787352385380062 9.1930032917587159e+00 10.069548935874105 10.98700423558303   
328 4264 0.6826155932400908 3.9607963349198987 8.787352385380062 9.2307517858021235e+00 10.160908015191001 10.68473205330205   
329 4277 0.6574130716506733 3.9477531098582523 8.787352385380062 9.2450369850577392e+00 9.661940224904033 11.61090544406904   
330 4290 0.653731799895388 3.9685780064311778 8.787352385380062 9.3543671636502594e+00 9.690063044327887 11.06576868911346   
331 4303 0.6590453110827243 3.987212542794973 8.787352385380062 9.4698128094938969e+00 9.95712151169205 10.442072605263213   
332 4316 0.6613019475896641 3.9834787912627703 8.787352385380062 9.0580581981180472e+00 9.735615938728877 10.644858726125266   
333 4329 0.6436290177469409 4.013241006475211 8.787352385380062 9.4283962870467324e+00 9.863732420396087 10.943978595787716   
334 4342 0.6230720196892503 4.001630331228044 8.787352385380062 9.2863133963836280e+00 9.982319123318517 10.852505708006351   
335 4355 0.6103082686336682 4.015374450516979 8.787352385380062 9.3040748093674868e+00 10.00974745598154 10.62488339113401   
336 4368 0.6028767540727226 4.012796091898953 8.787352385380062 9.0808084552176513e+00 10.230271314783668 10.531271206061506   
337 4381 0.5848460538827802 4.034848065164107 8.787352385380062 9.1912844040397133e+00 9.929984249809825 11.392353835461444   
338 4394 0.5867156210612311 4.0696040859823155 8.787352385380062 9.3604016540544528e+00 10.051946127009092 10.74752474438509   
339 4407 0.5909481191038172 4.078357303116656 8.787352385380062 9.3530905654516499e+00 9.89219091079505 10.763123416367012   
340 4420 0.5906286285588315 4.080309977650556 8.787352385380062 9.1487774995481708e+00 10.020125848393565 10.580210304632118   
341 4433 0.5883208965590219 4.091455012894231 8.787352385380062 9.2210150699641833e+00 9.748280390151159 10.227388075719198   
342 4446 0.5940957395528517 4.103843973430904 8.787352385380062 9.4533676186377118e+00 9.934696838401972 10.766414165197457   
343 4459 0.5973064585394182 4.0979701834474245 8.787352385380062 9.2155597666255833e+00 9.821886356910785 10.466674757665988   
344 4472 0.6083937721440515 4.141646182810228 8.787352385380062 9.5358303422123978e+00 9.655309299948998 10.428108378795919   
345 4485 0.6240331921486404 4.19045912792364 8.787352385380062 9.1947639526024432e+00 9.758081978520204 10.332660122612117   
346 4498 0.6369857263248013 4.1876714112260025 8.787352385380062 9.3317086742461175e+00 9.831130428833124 10.39469356934431   
347 4511 0.642560073879181 4.188567506386973 8.787352385380062 9.3976354362809271e+00 10.060670487492096 10.85824823393036   
348 4524 0.6536974068659496 4.196643414140262 8.787352385380062 9.3413427621259668e+00 9.94429709421544 10.805232802801507   
349 4537 0.6477532700211873 4.201862468395811 8.787352385380062 9.2170000504928780e+00 9.934078263464137 10.553192439603428   
350 4550 0.6307466274515152 4.209918283003722 8.787352385380062 9.2364909506520458e+00 9.90530248727161 10.85530281175354   
351 4563 0.6125651234972433 4.205198475571409 8.787352385380062 9.4599701751679284e+00 10.060570415406007 10.600903989014185   
352 4576 0.6033590121374283 4.235449627234757 8.787352385380062 9.3199298333143279e+00 9.806054337906918 11.283509098824403   
353 4589 0.5962175695147075 4.238133490816417 8.787352385380062 9.2332910266723012e+00 9.604609805671279 10.506788841614984   
354 4602 0.5934681860424006 4.226861310950484 8.787352385380062 9.3103382415526230e+00 9.665730190029212 10.27079078142419   
355 4615 0.5726519797251766 4.217831869304483 8.787352385380062 9.3618921563436022e+00 10.105704697134165 10.488113417579726   
356 4628 0.557983818592286 4.216930066936377 8.787352385380062 9.3072532540756878e+00 9.70037927713372 11.310987427444369   
357 4641 0.5447483654942192 4.2256167996921 8.787352385380062 9.0791917587629651e+00 9.803098011902184 10.499697132806482   
358 4654 0.5388913887660675 4.280480948440576 8.787352385380062 9.1703437320104797e+00 9.74897935618725 10.900283223332613   
359 4667 0.5322259179001136 4.285492052630882 8.787352385380062 9.2054030365584154e+00 9.790696577710673 10.387015161423072   
360 4680 0.5378704049987229 4.297479476986101 8.787352385380062 9.0859627964899161e+00 9.755832548982983 10.201467959365305   
361 4693 0.5256774794373325 4.284242549303293 8.787352385380062 9.2825604423910875e+00 9.779678845195537 10.519444299262148   
362 4706 0.5332211969923841 4.29102466278963 8.787352385380062 9.2699093532268062e+00 9.640923580275212 10.62491262861077   
363 4719 0.5284701247555006 4.381414905198994 8.787352385380062 9.1813429648484419e+00 9.969729645312526 10.451680914010456   
364 4732 0.5107894392284434 4.386921359726787 8.787352385380062 9.2552609522908380e+00 9.914695324379272 11.415955137095683   
365 4745 0.49024693426833227 4.3837900742490055 8.787352385380062 9.4963842263314096e+00 9.806710240957104 10.359931271049648   
366 4758 0.47047667386484476 4.41465456823153 8.787352385380062 9.4197136586348336e+00 9.770669320851043 10.760987035787808   
367 4771 0.4594187074750885 4.412595328294342 8.787352385380062 9.2795157211887798e+00 9.591810080981055 10.625663324467594   
368 4784 0.4480072062764345 4.40941594034005 8.787352385380062 8.9261725849220053e+00 9.740343632869834 11.504180974540851   
369 4797 0.43339133192590423 4.416603311602312 8.787352385380062 9.1246044741904022e+00 9.644399493345052 10.168376134271885   
370 4810 0.4203120594572158 4.403336814071605 8.787352385380062 9.3410218913453438e+00 9.803756286376446 10.600157582392525   
371 4823 0.4253363328159421 4.402640053715165 8.787352385380062 9.0778688718789873e+00 9.771903457701663 10.458211206118424   
372 4836 0.43238000585105135 4.41548287452895 8.787352385380062 9.2949894172830874e+00 9.505863190835779 10.169427123511033   
373 4849 0.4340221943891455 4.414574255920588 8.787352385380062 9.2664439925839961e+00 9.690533285092963 10.511056883014366   
374 4862 0.436472128370693 4.469725182590477 8.784578773932605 8.7845787739326049e+00 9.665756248250203 10.265788160608992   
375 4875 0.4386902424845808 4.474303637933729 8.784578773932605 8.8581046992897861e+00 9.590194180343524 10.338170181995157   
376 4888 0.43125940568966603 4.466791863398094 8.784578773932605 9.4323601652624873e+00 10.115509146010254 10.57957198340863   
377 4901 0.42737116200992425 4.462350559016188 8.784578773932605 9.2199162014019151e+00 9.615963316083382 10.790808768784524   
378 4914 0.4304540810309305 4.453791197287715 8.784578773932605 9.1911646393909958e+00 9.772862957019928 9.983554231690764   
379 4927 0.4298401274634583 4.475016473956512 8.784578773932605 9.0308584400502898e+00 9.946819766733585 10.556859455268606   
380 4940 0.4259012223751781 4.486170682346741 8.784578773932605 9.3011686361237071e+00 9.79459267402473 10.382193304036313   
381 4953 0.42061077705529964 4.489577980816179 8.784578773932605 9.3087579310120869e+00 9.97063967408809 10.763046585673294   
382 4966 0.416811517031309 4.466215985272728 8.784578773932605 9.2090379634737918e+00 9.718487064877428 10.27702544622536   
383 4979 0.4193944946958711 4.4362548861890305 8.784578773932605 9.3131816838851176e+00 9.589970251178048 10.118506181970544   
384 4992 0.4277501003624525 4.433706858256242 8.784578773932605 9.2335929362550537e+00 9.53753601796698 10.250268656085298   
385 5005 0.44003338497741157 4.432615425187054 8.784578773932605 9.0307954226110443e+00 9.877876729682836 11.743969144819737   
386 5018 0.45221366901405524 4.442936375986236 8.784578773932605 9.3157379953863177e+00 9.646580516200535 10.701358765696378   
387 5031 0.4640617410622822 4.44276076240958 8.784578773932605 8.9674259449549503e+00 9.999068561809072 10.948583153664732   
388 5044 0.47328087940093905 4.487580096899452 8.784578773932605 9.3378300351634227e+00 9.758382718366123 11.614556962205167   
389 5057 0.47484178591804727 4.501200788805884 8.784578773932605 9.0887096035055155e+00 9.987432422762861 10.728548777347681   
390 5070 0.47214953356947287 4.5035862808663865 8.784578773932605 9.1293518701307761e+00 9.848618351948964 11.287720505531837   
391 5083 0.4760969094873791 4.516415929101727 8.784578773932605 9.1009731514225436e+00 9.685241836082277 10.711311879798643   
392 5096 0.4736063951697308 4.516920200834764 8.784578773932605 8.9691852766048914e+00 9.782278063506078 10.378189222719344   
393 5109 0.4751703387221953 4.537069773756047 8.784578773932605 8.9710268538828775e+00 9.483954705373584 10.095314949151824   
394 5122 0.4859905195519526 4.582883214305512 8.784578773932605 9.2485403016811212e+00 9.838855840146353 10.261318633506777   
395 5135 0.4808918276831762 4.591971096022404 8.784578773932605 9.2928998172834394e+00 9.731257163618228 10.101438411694753   
396 5148 0.47139152549657964 4.597727387321247 8.784578773932605 9.3260085572795699e+00 9.831477888168395 11.199974835860349   
397 5161 0.4712207848928485 4.649025768786681 8.784578773932605 9.4105927100145479e+00 9.818953141346569 10.519079639475263   
398 5174 0.46598646140433503 4.627093100905965 8.784578773932605 8.8886590611805971e+00 9.885428138896124 10.527144543207877   
399 5187 0.4658313940228972 4.627663638175425 8.784578773932605 9.2334983203908969e+00 9.773990509621653 10.412434451788485   
400 5200 0.45588579241439614 4.618126940226416 8.784578773932605 9.1900805049528813e+00 9.974783705315298 11.167994480563545   
401 5213 0.447187334205499 4.625225640714349 8.784578773932605 9.2346606933262549e+00 9.775387474153689 11.49009959411624   
402 5226 0.44251024306987347 4.633085301721382 8.784578773932605 9.0635367269702680e+00 9.773021773693367 10.394010115440945   
403 5239 0.44787775364813087 4.667664980445057 8.784578773932605 9.2290528014778115e+00 9.775878718279513 10.702344398520195   
404 5252 0.4510779322576263 4.70099928551182 8.784578773932605 9.3015127309744141e+00 9.859876241671067 10.665849865784583   
405 5265 0.4513738392812963 4.715520922441791 8.784578773932605 9.0804452262520119e+00 9.618270996790118 10.318390043852578   
406 5278 0.44857668323809263 4.7698657417512855 8.784578773932605 9.2801710571430718e+00 9.916812478520201 10.836360947755834   
407 5291 0.4524009461424736 4.788515451345618 8.784578773932605 8.7926099995092493e+00 9.65897218949608 11.390240250117692   
408 5304 0.44529182980283993 4.799747877211699 8.784578773932605 9.0470642725515429e+00 9.676607173462706 11.635384336572205   
409 5317 0.4450271213564739 4.798821845465909 8.784578773932605 9.1472713904105358e+00 9.611854409365106 10.152930584037414   
410 5330 0.44984787676957266 4.796074543929313 8.784578773932605 8.9794470329300751e+00 10.053669443626386 11.495209820850121   
411 5343 0.46234470027015323 4.866626361577131 8.784578773932605 9.2547722262514416e+00 9.771302038075463 11.632598396436835   
412 5356 0.4614227273443569 4.878957601631851 8.784578773932605 8.8549911891940845e+00 9.618470271781057 10.753932854920738   
413 5369 0.4600896366939078 4.8637714602476745 8.784578773932605 9.2938891732258160e+00 9.5539520562614 10.418445168676147   
414 5382 0.4556761541379232 4.861403458237852 8.784578773932605 9.4070703862251737e+00 9.682912294031292 11.57683236434236   
415 5395 0.4528537580307031 4.861559951156575 8.784578773932605 9.0381197428274742e+00 9.747028709953321 10.688271300461407   
416 5408 0.4504493006192696 4.816916244367091 8.784578773932605 9.3680135714219812e+00 9.710407742495647 10.323922021402229   
417 5421 0.4565271961895822 4.842641403288415 8.784578773932605 9.2165118399943431e+00 9.660402881428489 11.119620122335993   
418 5434 0.4528271085907875 4.84826213499885 8.784578773932605 9.1705142032660181e+00 9.899570448808749 11.047619125805904   
419 5447 0.4479148148629845 4.863818325649783 8.784578773932605 9.0309798680498723e+00 9.483044666342195 10.159876451219978   
420 5460 0.43300631061077793 4.906243064215687 8.784578773932605 8.9015054327797358e+00 9.806637428900736 10.077647583280102   
421 5473 0.4228349621544099 4.883451648359716 8.784578773932605 8.8760476783679412e+00 9.607490622393343 10.580089268196646   
422 5486 0.4141111116008667 4.89286914171694 8.784578773932605 9.2847959147233645e+00 9.71106829554182 10.306678423543419   
423 5499 0.42144366386903215 4.877896469229456 8.784578773932605 9.2432824190530223e+00 9.542442259013471 10.146981496009897   
424 5512 0.4242649314738209 4.845367077181963 8.784578773932605 9.0486010902353406e+00 9.746529702523574 10.243396508962997   
425 5525 0.4319796188091129 4.861398844605083 8.784578773932605 9.1677712668635003e+00 9.856242874900898 10.287695214614503   
426 5538 0.43823431277499025 4.8705356881469966 8.784578773932605 9.1678269405658153e+00 9.69575594319711 11.027848025881303   
427 5551 0.4428721367495562 4.89655630231883 8.784578773932605 9.1500529936468755e+00 9.607396730633612 10.822821388476905   
428 5564 0.4421910789044565 4.894060000476413 8.784578773932605 9.1983561559641291e+00 9.51509615484874 10.741124259338504   
429 5577 0.43626232882405774 4.918831447657968 8.784578773932605 9.1548974394426068e+00 9.456513161432012 10.535266801002107   
430 5590 0.4365230053537808 4.9140993960774 8.784578773932605 8.9610507865948179e+00 9.655644549020147 10.403624812580379   
431 5603 0.4429464146008771 4.930333832200647 8.784578773932605 9.2133432956550152e+00 10.078591235137415 11.525519135710873   
432 5616 0.44381795050267575 4.939474280837314 8.784578773932605 9.2853460070743239e+00 9.583946264847919 10.319713790222448   
433 5629 0.44458730320261963 4.937377255654382 8.784578773932605 9.1768931046232787e+00 9.63259571961144 10.148033836940394   
434 5642 0.427961758673105 4.910514750147435 8.784578773932605 9.3484413197948637e+00 9.5991403313179 10.195127526987024   
435 5655 0.416163799365181 4.922268784667363 8.784578773932605 9.1388225580239357e+00 9.823103002990692 10.493461924697494   
436 5668 0.416423455331156 4.916680962430561 8.721772003539288 8.7217720035392876e+00 9.668248587057466 10.257756589451063   
437 5681 0.40771795028127916 4.958029904967639 8.721772003539288 9.0858305898378209e+00 9.961315941969271 10.844001597034385   
438 5694 0.4016063193473693 4.922428406727759 8.721772003539288 9.0748608817002676e+00 9.498356634597123 11.713400172993106   
439 5707 0.3953408642012939 4.923852857613471 8.721772003539288 9.3611322188359374e+00 9.923062987237728 10.27653925949964   
440 5720 0.39393994441846764 4.916228452190439 8.721772003539288 9.2549866270211201e+00 9.85203858647411 10.594781711971914   
441 5733 0.3894404329909918 4.9463894671256785 8.721772003539288 9.2461924468468109e+00 9.520700807339805 10.229147231536427   
442 5746 0.3878864042132435 4.951235196547561 8.721772003539288 9.2757228478224825e+00 9.736120842550843 10.28181555160198   
443 5759 0.38595491572355844 4.927586415360969 8.721772003539288 9.0060742472351372e+00 9.585758927902384 9.909408351123313   
444 5772 0.39369895475655614 4.914590664905798 8.721772003539288 9.1406431809641688e+00 9.691598181607075 10.534645365260626   
445 5785 0.39946985272301233 4.927527720055503 8.721772003539288 9.0836001711855854e+00 9.36347464308716 10.097991254193158   
446 5798 0.40771120148222995 4.94421799699845 8.721772003539288 9.2181199742030522e+00 9.692716613168656 11.152302492982066   
447 5811 0.41676513321010467 4.924392126415922 8.721772003539288 9.1521308576840212e+00 9.773428539516292 10.517541050077092   
448 5824 0.41742816379069425 4.883234501327012 8.721772003539288 9.0039028818885907e+00 9.556354177173532 10.488563918993776   
449 5837 0.4159613797262787 4.8733393817016815 8.721772003539288 9.3183708305429889e+00 9.68187034180121 10.556815603812868   
450 5850 0.4212402811164374 4.894988327961253 8.721772003539288 9.2139054311725950e+00 9.675851554901527 11.002618480157349   
451 5863 0.41995517305625224 4.898566270286291 8.721772003539288 9.1693907640244330e+00 9.613664017742533 10.839317896162251   
452 5876 0.4241096390917271 4.918007364940911 8.721772003539288 9.3110425006420794e+00 9.848081818192252 10.806372199715536   
453 5889 0.42697554843348307 4.911617059905382 8.721772003539288 8.8785094116120522e+00 9.587055754686766 10.489156263603792   
454 5902 0.4245098585923342 4.928807382776447 8.721772003539288 9.1772625295288091e+00 9.57275325016071 10.05469012931427   
455 5915 0.4172649107074237 4.940766484493309 8.721772003539288 8.8426473673233961e+00 9.598888966716022 10.434471339890392   
456 5928 0.41091778521428285 4.951143803945885 8.721772003539288 9.1339826201113379e+00 9.786974050034658 10.125733011574656   
457 5941 0.4147901998992777 4.937221766649856 8.721772003539288 9.1236034475949843e+00 9.592196347871305 10.565034510261437   
458 5954 0.41910331638791054 4.981872368868587 8.721772003539288 9.3708407666802902e+00 9.643534532413788 10.33016652910584   
459 5967 0.42016949165220735 4.960681252397453 8.721772003539288 8.8240302210122508e+00 9.406484081648799 10.131021584848526   
460 5980 0.4156341669212434 4.961082659376267 8.721772003539288 9.0588784118073686e+00 9.51915776331755 10.078461893311115   
461 5993 0.4088123586018309 4.943944070267057 8.721772003539288 9.1733383808084898e+00 9.571909465205783 10.325436397407826   
462 6006 0.41542655949113133 4.936471406735299 8.721772003539288 9.1926960522847541e+00 9.499929499575517 10.335040291268061   
463 6019 0.42130166021832416 4.94358461055891 8.721772003539288 9.2572157438399181e+00 9.710794577692889 10.731024992705498   
464 6032 0.4264335610235908 4.959191297070955 8.721772003539288 8.9122225088613938e+00 9.597384126618678 10.397886635818107   
465 6045 0.435251655947342 4.959253117925862 8.721772003539288 8.9695394071829924e+00 9.640993554951635 10.094065194271277   
466 6058 0.4473239350435654 4.978285055095967 8.721772003539288 9.3002331975663104e+00 9.806651206130203 10.243224458219862   
467 6071 0.45529587215162814 4.959826166141021 8.721772003539288 9.1023032255767014e+00 9.758707916421562 10.791221398828977   
468 6084 0.47149955855743647 4.981716797983119 8.721772003539288 9.2747080856727155e+00 9.697056040404744 10.485178474974932   
469 6097 0.48143614223172276 4.9715998609108425 8.721772003539288 9.1439595334695962e+00 9.824675307299525 10.248942830411547   
470 6110 0.47941628234596445 4.99037638305165 8.721772003539288 9.1611689119114761e+00 9.677982631720457 10.307500694220485   
471 6123 0.4801088251909174 5.009867914610632 8.721772003539288 8.9799902023053164e+00 9.567452074286447 9.938087049288145   
472 6136 0.4780045324476312 5.025784614773641 8.721772003539288 9.2424744085070003e+00 9.82818896954793 10.43819753729511   
473 6149 0.48617810537928885 5.052570785618268 8.721772003539288 9.2834078286651529e+00 9.703798511237997 10.259312692541153   
474 6162 0.5000661756873952 5.0666334975158245 8.721772003539288 8.9526138209798773e+00 9.767330455506986 10.012294045724769   
475 6175 0.5139624896329591 5.117541040903789 8.721772003539288 9.1812373065300807e+00 9.518353770394288 10.318863131793314   
476 6188 0.5141219927249474 5.0966836360051175 8.721772003539288 9.2180197211965798e+00 9.66413324424562 10.282884237581092   
477 6201 0.5109271065382868 5.07796629179315 8.721772003539288 9.4037939690834040e+00 9.696788502308722 10.61828406008141   
478 6214 0.5121790268447203 5.112289476750069 8.721772003539288 9.1736748440420328e+00 9.593162035310652 10.31702849119738   
479 6227 0.5171582668969926 5.153815154456593 8.721772003539288 9.2273073213365144e+00 9.547651557709498 11.387479904825241   
480 6240 0.5322389798514547 5.15351419867077 8.721772003539288 9.0604071001658095e+00 9.66369138591778 11.351658737809995   
481 6253 0.5298959951498525 5.201546187662074 8.721772003539288 9.2019527833755816e+00 9.537758303874066 10.788094982152684   
482 6266 0.5330648850713551 5.225151175833412 8.721772003539288 9.3982674832415309e+00 9.695298871073335 11.275426487460551   
483 6279 0.5419993076015216 5.23270076823172 8.721772003539288 9.5679267841897548e+00 9.750703609871227 11.159767320198368   
484 6292 0.5475699512004816 5.223594286342185 8.721772003539288 8.9967526141236469e+00 9.824495242164895 11.994084693615246   
485 6305 0.5519676948778888 5.26878431410353 8.721772003539288 9.2809285449230643e+00 9.88157684315587 11.086555947742896   
486 6318 0.5432509261775299 5.2709354155568615 8.721772003539288 9.2086635390184828e+00 9.454568893242739 10.450911761956995   
487 6331 0.5202614921378217 5.308343489511203 8.721772003539288 9.1981352509246328e+00 9.801242657462636 10.746576741700306   
488 6344 0.5159895784182847 5.275407642786461 8.721772003539288 9.1364259119315197e+00 9.694258309359439 10.040014459041652   
489 6357 0.48932246003700747 5.241680722297231 8.721772003539288 8.9438921402365850e+00 9.598350824026094 10.176643285638189   
490 6370 0.4788633301631985 5.252604854421681 8.721772003539288 9.0367055929396276e+00 9.778341139413575 10.66805020593999   
491 6383 0.47450875464519005 5.236983736105428 8.721772003539288 9.1767031701477961e+00 9.614977006817488 11.229469597810638   
492 6396 0.4733823727389486 5.246129309282571 8.721772003539288 9.3595771730704840e+00 9.666976172144789 10.559645298964924   
493 6409 0.46774297890734284 5.241043735511709 8.721772003539288 9.2602592675837734e+00 9.607194778693685 10.033405944852602   
494 6422 0.4616059462423361 5.259510592475357 8.721772003539288 9.0110847563046228e+00 9.626778736667713 10.423562327001273   
495 6435 0.4612670423566335 5.301297700766484 8.721772003539288 9.1372939201363543e+00 10.096859950035078 10.605827094399805   
496 6448 0.46576501109125495 5.323031017195989 8.721772003539288 9.2043032112356808e+00 9.714679031019148 10.288699742102677   
497 6461 0.46685066443195933 5.389902702707613 8.721772003539288 9.2408163515985056e+00 10.156358813521251 10.746094831825422   
498 6474 0.47413807984187195 5.405630828499698 8.721772003539288 9.3209553234168148e+00 9.726772592513662 10.72095067990627   
499 6487 0.4742070067540907 5.432824123337722 8.721772003539288 9.2529688988747374e+00 10.00855492270578 10.862856313879755   
500 6500 0.47843680583066067 5.447956019453318 8.721772003539288 9.1839144175038108e+00 9.622682877331414 11.041303338092845   
501 6513 0.48126721643696324 5.450398404551715 8.721772003539288 9.1369263753064622e+00 9.70949102387663 10.41654620690895   
502 6526 0.4821039754456434 5.440187855874783 8.721772003539288 9.2967585601060581e+00 9.678115448916971 10.630698432172732   
503 6539 0.4880176510644795 5.446333046362194 8.721772003539288 8.9512355611502024e+00 9.648593722479289 11.990984794943799   
504 6552 0.49856007770008587 5.42966216205028 8.721772003539288 9.2887802175646925e+00 9.745876277995373 11.080891686129357   
505 6565 0.4966331322410973 5.455652594463572 8.721772003539288 9.3022624931276567e+00 9.620411236104877 10.224247888693709   
506 6578 0.5024382197163265 5.447268220208512 8.721772003539288 9.3683186695915293e+00 9.751838345690324 10.682700252927805   
507 6591 0.49565086576528444 5.4485936796874785 8.721772003539288 8.8556592858452206e+00 10.047473470680128 10.440753677241203   
508 6604 0.47449782484338104 5.457735582963237 8.721772003539288 9.0756764145326834e+00 9.67923172583225 10.673892033795955   
509 6617 0.4776841805034079 5.447556972517996 8.721772003539288 9.2986123308979796e+00 9.779626851957953 11.731236482345274   
510 6630 0.48430308088490787 5.461017737854891 8.721772003539288 8.8737567970110316e+00 9.475307086566813 10.574217259674073   
511 6643 0.4940546521590459 5.4047284980376835 8.721772003539288 9.2685743373665623e+00 9.76850991539512 10.455012073544026   
512 6656 0.4989424455715072 5.450972512551197 8.721772003539288 9.1853095757994705e+00 9.723380813881336 11.14578395853268   
513 6669 0.4992164356165487 5.436542993770642 8.721772003539288 9.1670358176141669e+00 9.687967774533048 10.589807500398601   
514 6682 0.4996376023849365 5.5321676454725965 8.721772003539288 9.2048064759442951e+00 9.811276917760711 10.953835652420398   
515 6695 0.49628591398156696 5.594344390719814 8.721772003539288 8.9129010078532733e+00 9.711700286472414 10.394353966229996   
516 6708 0.5045414279998692 5.629306650652794 8.721772003539288 9.1473525603364916e+00 9.559529557183339 10.095340032123186   
517 6721 0.5071089492685343 5.645886023116315 8.721772003539288 9.1436644597204388e+00 9.675865192880096 11.479378558651907   
518 6734 0.5167710199671711 5.687731677797356 8.721772003539288 9.3540213843821007e+00 9.711992107474368 10.687897391324192   
519 6747 0.5243139899435351 5.660063160706899 8.721772003539288 9.0001812805536492e+00 9.726062242189334 10.618167588793058   
520 6760 0.5201292766530846 5.66866121116866 8.721772003539288 9.3084982936548268e+00 9.749527134479594 10.665203214880744   
521 6773 0.5121360698960301 5.716824647580569 8.721772003539288 9.4366974601573315e+00 9.889500068408678 10.998308444834391   
522 6786 0.49542341992679634 5.738437931046102 8.721772003539288 9.1447304747349385e+00 9.548289010023678 10.140202957414791   
523 6799 0.4849863600577457 5.728642814360584 8.721772003539288 9.0409590324519016e+00 9.654951811813197 10.333267995677215   
524 6812 0.48352482991920837 5.725961924457787 8.721772003539288 9.3619839674564247e+00 9.814271000967736 11.884138547390034   
525 6825 0.48139212935257303 5.69627981478261 8.721772003539288 9.3797878309815026e+00 9.656649485452899 10.546938706128191   
526 6838 0.48555648309656413 5.708648206601302 8.721772003539288 9.2086187212264754e+00 9.627094327780897 10.473464740899827   
527 6851 0.47914200999353096 5.715917370060919 8.721772003539288 9.1865372480038676e+00 9.941931392281491 10.722148086132805   
